x = [220 , 300, 400, 450]
y = [ 36 , 49 , 64 , 81 , 100 ,121]
z = [0.11854,0.11226,0.11094,0.11001;
    0.11854,0.11226,0.11094,0.11001;
0.11589,0.06867,0.06689,0.06005;
0.08916,0.04678,0.04249,0.04198;
0.1884,0.03361,0.0309,0.03184;
57.42233,0.09125,0.03634,0.03438];

